4858 38 43 28 13 68 81 83 66 47 9 96 22 31 79 34 64 57 25 68 35 69 76 41 50 75 10 96 18 29 59 22 85 32 3 40 27 78 93 33 59 41 10 44 10 85 81 92 3 3 98 54 13 58 72 47 34 7 5 8 74 96 97 62 92 38 21 97 81 43 27 58 83 37 38 9 85 20 4 86 26 8 21 2 72 37 45 77 51 94 33 30 82 62 60 26 23 18 96 97 
38 4961 15 40 2 65 73 75 83 75 49 44 43 30 42 18 62 93 26 73 9 51 42 98 79 15 83 68 16 59 31 52 72 49 47 67 5 86 86 51 53 88 83 2 6 62 22 6 52 58 31 41 77 13 72 94 17 24 81 89 45 88 68 75 89 90 37 34 16 92 39 49 38 14 42 73 12 25 45 13 54 67 30 9 24 45 6 71 94 85 69 15 8 94 59 61 0 46 82 1 
43 15 5071 18 59 89 93 19 16 63 57 16 8 91 22 52 89 87 80 51 32 27 90 89 40 42 82 66 16 65 23 18 94 15 40 99 74 26 8 23 20 46 92 88 1 38 28 27 60 53 18 2 92 38 23 61 55 42 76 41 57 4 52 59 23 48 51 99 66 54 93 91 21 23 20 89 79 74 72 94 37 31 50 31 12 0 94 91 62 5 68 27 90 48 61 88 63 80 1 53 
28 40 18 5403 68 72 30 66 86 56 27 79 23 1 37 46 25 63 63 70 79 94 22 61 54 16 68 76 6 63 48 99 48 40 89 94 75 91 42 5 98 12 69 26 93 44 48 11 32 12 5 86 87 24 19 51 90 55 3 15 16 21 68 87 85 46 95 100 66 4 14 38 77 93 84 92 97 43 85 64 69 92 23 56 78 63 17 78 40 22 36 94 48 0 45 95 24 66 26 97 
13 2 59 68 5051 30 53 33 38 42 8 65 66 38 75 39 82 21 22 8 61 68 93 85 38 72 7 100 75 65 45 37 57 35 81 33 52 84 3 3 86 75 62 66 76 11 53 40 19 27 43 62 26 13 24 60 45 0 77 95 13 43 12 21 77 82 96 96 24 90 56 32 45 78 88 57 32 42 13 87 37 55 26 91 98 1 96 68 65 38 64 99 21 15 72 29 97 8 84 39 
68 65 89 72 30 5327 35 28 18 98 90 66 3 12 18 72 5 16 40 61 44 69 87 86 79 46 48 35 56 20 51 6 47 72 45 51 7 69 31 86 30 58 28 93 94 36 60 55 87 50 87 60 37 95 50 36 41 100 12 44 86 4 71 40 23 5 100 5 93 45 63 91 51 51 47 25 50 97 37 89 91 36 94 90 40 47 66 65 7 75 71 59 95 82 45 52 16 38 37 6 
81 73 93 30 53 35 4937 48 97 24 30 94 23 17 29 22 36 91 67 78 33 69 58 26 32 35 85 70 13 45 82 18 100 77 23 41 48 35 96 4 4 37 63 60 84 88 4 41 94 52 15 62 93 18 6 17 25 35 74 90 1 12 0 25 54 81 38 37 54 53 75 18 57 86 9 78 96 97 12 92 1 58 83 64 16 67 91 97 83 25 31 10 87 67 100 32 42 26 4 65 
83 75 19 66 33 28 48 5438 43 31 15 54 88 26 69 42 35 73 37 76 48 26 66 100 61 57 98 82 92 15 91 68 100 17 68 83 52 22 5 42 98 3 0 100 71 47 41 14 86 73 14 45 46 31 93 97 90 0 95 64 58 0 99 48 63 40 4 83 43 84 70 53 59 94 57 24 95 32 83 80 73 73 33 0 38 24 60 98 50 53 49 47 61 34 11 80 15 33 18 62 
66 83 16 86 38 18 97 43 5101 32 55 27 62 15 100 50 67 90 77 11 70 83 88 5 41 29 38 33 8 24 94 47 50 82 64 59 0 67 29 89 40 8 36 28 5 14 75 71 53 61 86 63 86 49 76 95 79 88 56 24 67 66 39 47 65 96 25 1 3 3 37 93 19 63 25 67 85 63 49 56 55 43 23 45 85 83 21 0 74 30 58 52 71 35 66 1 50 87 23 30 
47 75 63 56 42 98 24 31 32 4988 78 99 12 19 83 10 22 39 30 51 38 52 15 44 51 47 80 47 70 0 86 60 47 7 95 32 64 27 20 74 73 56 45 73 100 29 38 23 13 96 61 74 17 78 2 100 47 72 26 10 67 32 43 49 4 90 65 73 81 61 19 25 23 24 34 59 28 76 23 64 19 71 0 78 99 66 0 61 75 31 8 54 53 78 19 54 27 90 93 78 
9 49 57 27 8 90 30 15 55 78 4596 38 71 48 48 65 100 34 8 97 23 56 12 74 88 34 41 17 27 13 1 25 75 83 40 57 60 22 59 66 66 11 15 96 1 83 84 72 10 48 45 47 23 61 19 76 11 4 13 10 3 31 75 67 54 13 28 3 69 79 90 23 11 49 45 13 48 20 3 13 24 29 62 52 96 29 69 84 45 81 1 60 40 99 61 96 62 39 25 78 
96 44 16 79 65 66 94 54 27 99 38 5247 46 49 17 23 17 92 82 60 91 72 17 65 99 49 94 4 64 15 55 32 93 17 24 67 78 63 27 42 90 41 13 3 75 82 44 85 38 25 92 70 28 74 54 81 35 29 18 68 46 34 32 19 24 76 96 73 73 3 31 77 61 86 52 88 88 89 51 76 98 55 1 15 32 1 4 32 71 80 50 97 36 0 76 64 58 64 52 56 
22 43 8 23 66 3 23 88 62 12 71 46 4849 30 83 23 58 60 69 3 23 8 16 93 23 67 95 90 46 62 59 6 18 63 36 21 66 19 65 10 63 18 59 13 14 15 34 77 39 54 37 3 0 95 39 49 7 32 91 49 16 85 34 93 38 6 4 39 70 76 60 37 96 83 75 5 68 22 23 44 91 96 33 44 10 53 86 53 53 43 69 63 83 73 94 20 51 74 16 78 
31 30 91 1 38 12 17 26 15 19 48 49 30 4865 88 49 34 21 5 13 5 72 69 99 32 79 95 42 31 73 90 24 1 98 46 61 54 80 47 22 24 43 30 98 80 73 18 14 9 65 13 99 61 58 34 49 8 5 36 92 25 71 2 24 94 48 29 28 0 29 78 77 73 50 72 19 29 29 6 48 64 73 56 48 37 25 99 20 58 11 83 93 67 26 10 96 40 97 13 59 
79 42 22 37 75 18 29 69 100 83 48 17 83 88 5196 58 78 76 1 78 42 36 15 19 18 67 88 21 31 87 66 11 72 81 90 97 6 8 96 44 100 78 79 28 79 45 80 50 16 24 4 11 12 13 81 24 32 58 29 35 34 64 27 38 12 60 75 89 75 58 16 65 27 96 80 61 56 23 38 93 71 36 95 58 2 32 53 51 29 20 47 49 58 24 3 57 98 50 80 59 
34 18 52 46 39 72 22 42 50 10 65 23 23 49 58 4854 37 63 78 80 37 69 31 34 42 16 29 59 58 34 54 10 38 16 51 100 53 2 0 8 78 46 9 30 72 1 26 20 53 58 22 41 92 30 75 77 99 87 94 46 15 55 81 92 56 27 32 15 38 81 9 50 77 65 14 99 51 41 89 47 49 92 71 84 83 38 65 19 42 3 84 27 86 14 47 80 49 99 18 37 
64 62 89 25 82 5 36 35 67 22 100 17 58 34 78 37 5141 57 89 30 44 48 70 86 96 49 61 62 76 73 65 4 36 60 2 98 42 67 22 0 84 83 24 52 3 20 94 67 22 68 27 81 92 38 33 58 79 8 63 28 95 28 71 64 44 69 91 58 69 30 46 48 77 76 93 82 35 4 92 27 47 55 51 67 75 19 41 14 34 48 55 53 33 42 61 80 27 94 7 38 
57 93 87 63 21 16 91 73 90 39 34 92 60 21 76 63 57 4935 43 61 55 57 59 53 69 45 98 14 76 75 17 88 56 67 86 61 35 44 19 19 48 56 87 25 73 71 68 81 37 19 70 51 2 95 74 31 91 33 45 73 1 96 32 50 27 84 97 24 48 71 45 60 9 18 22 11 86 70 84 58 87 5 67 5 29 10 58 30 48 27 93 45 28 77 55 2 70 25 83 45 
25 26 80 63 22 40 67 37 77 30 8 82 69 5 1 78 89 43 5006 24 91 32 55 52 100 21 48 3 30 54 59 57 45 99 87 68 33 97 15 26 63 22 25 90 69 58 58 88 18 55 62 56 84 75 60 21 68 9 54 71 67 10 78 50 26 68 42 62 70 11 27 98 47 8 47 79 21 54 44 29 1 98 68 11 96 51 60 4 23 84 62 91 0 6 47 96 71 8 88 5 
68 73 51 70 8 61 78 76 11 51 97 60 3 13 78 80 30 61 24 5092 94 30 21 8 52 91 3 58 56 70 28 51 15 45 82 74 73 88 20 59 15 17 18 73 41 26 90 66 34 78 66 43 71 96 3 83 99 81 49 36 40 32 59 57 37 81 51 46 41 19 54 23 15 33 58 29 26 32 64 33 0 12 23 60 14 29 96 85 80 73 58 20 16 83 35 94 95 67 58 52 
35 9 32 79 61 44 33 48 70 38 23 91 23 5 42 37 44 55 91 94 4822 35 73 95 59 65 3 45 91 97 23 50 40 43 89 86 72 76 74 69 34 1 86 57 8 78 5 43 87 63 8 1 100 26 5 20 23 12 89 65 27 98 84 46 35 78 73 52 82 99 30 32 65 48 8 65 26 12 67 11 17 64 2 87 5 64 49 66 42 34 31 8 82 25 98 14 41 15 85 13 
69 51 27 94 68 69 69 26 83 52 56 72 8 72 36 69 48 57 32 30 35 4787 8 15 88 3 39 89 48 58 64 60 83 44 53 36 2 10 97 4 29 63 25 40 46 34 41 62 97 27 0 10 97 94 88 69 22 34 64 27 68 95 26 41 76 81 28 53 68 72 65 28 28 43 77 87 96 65 88 4 100 33 73 23 27 33 97 34 82 48 40 35 6 0 20 75 41 15 11 20 
76 42 90 22 93 87 58 66 88 15 12 17 16 69 15 31 70 59 55 21 73 8 5009 55 94 15 32 38 16 7 73 21 38 64 1 48 68 6 51 68 41 81 25 18 84 18 67 60 24 71 100 73 98 99 79 20 9 51 61 77 73 72 24 33 54 100 90 20 73 57 44 70 83 33 93 25 77 83 71 23 94 20 4 79 78 74 37 43 100 66 31 8 40 4 17 68 59 29 94 66 
41 98 89 61 85 86 26 100 5 44 74 65 93 99 19 34 86 53 52 8 95 15 55 5281 33 83 45 72 78 39 41 34 75 43 67 71 78 31 86 77 3 74 42 2 100 69 65 90 8 13 60 70 17 96 84 66 41 8 69 42 90 53 40 34 32 8 96 62 14 50 60 41 88 60 20 98 78 25 15 11 33 33 50 3 64 28 64 38 26 65 63 97 24 64 14 30 33 84 3 1 
50 79 40 54 38 79 32 61 41 51 88 99 23 32 18 42 96 69 100 52 59 88 94 33 5041 43 66 72 84 68 49 54 7 51 14 79 68 91 9 32 33 45 20 51 46 47 79 47 91 70 95 35 75 45 74 34 1 91 57 52 89 54 3 31 40 67 14 10 8 14 2 35 90 38 86 68 3 58 58 27 28 58 13 77 99 58 99 15 2 84 27 33 25 91 91 83 70 20 5 77 
75 15 42 16 72 46 35 57 29 47 34 49 67 79 67 16 49 45 21 91 65 3 15 83 43 4922 22 48 96 29 87 42 81 5 0 0 50 85 3 96 85 29 61 68 77 28 35 48 60 68 40 94 28 82 92 92 32 99 89 48 1 14 51 40 51 100 3 52 27 28 83 89 70 54 85 39 96 52 23 20 8 60 37 73 61 69 60 66 80 59 23 64 49 56 38 7 35 72 36 57 
10 83 82 68 7 48 85 98 38 80 41 94 95 95 88 29 61 98 48 3 3 39 32 45 66 22 4775 50 70 97 26 26 20 39 76 83 18 78 15 32 5 65 90 59 63 81 17 31 67 35 22 66 19 92 63 66 20 6 32 43 7 30 29 78 60 2 45 50 93 3 94 90 56 100 82 9 29 67 54 75 41 57 64 72 28 72 66 38 83 20 44 7 13 97 12 7 42 94 44 34 
96 68 66 76 100 35 70 82 33 47 17 4 90 42 21 59 62 14 3 58 45 89 38 72 72 48 50 5153 29 99 82 82 93 15 8 38 99 37 52 74 74 77 91 43 18 26 98 20 87 57 43 84 54 23 92 39 5 50 61 44 89 34 22 7 82 47 90 90 87 47 15 68 61 62 59 28 73 79 7 83 59 89 88 68 39 80 16 42 4 79 63 47 42 79 12 73 8 95 7 2 
18 16 16 6 75 56 13 92 8 70 27 64 46 31 31 58 76 76 30 56 91 48 16 78 84 96 70 29 4923 79 42 0 32 90 44 75 75 7 3 69 41 70 76 94 64 51 79 68 30 28 86 12 56 80 42 6 13 26 3 66 58 29 30 61 94 34 65 8 49 47 78 67 57 19 26 57 68 100 81 32 19 94 35 12 71 0 86 42 73 87 100 52 99 71 46 51 30 88 53 1 
29 59 65 63 65 20 45 15 24 0 13 15 62 73 87 34 73 75 54 70 97 58 7 39 68 29 97 99 79 5121 98 94 75 29 35 89 7 91 2 16 60 76 81 14 35 52 88 83 46 72 94 82 10 58 34 19 34 99 17 41 0 11 39 93 67 55 89 83 40 72 93 55 14 83 96 65 96 35 57 11 20 90 98 3 66 42 84 42 55 1 56 22 4 74 5 7 41 40 4 40 
59 31 23 48 45 51 82 91 94 86 1 55 59 90 66 54 65 17 59 28 23 64 73 41 49 87 26 82 42 98 5076 57 38 53 87 42 67 50 83 63 12 18 38 46 59 95 69 53 24 93 30 44 18 5 89 79 1 25 71 7 20 95 27 92 96 30 26 16 68 65 31 27 98 70 87 81 31 65 91 25 98 36 10 5 81 71 40 18 15 54 11 37 77 15 13 81 59 19 46 51 
22 52 18 99 37 6 18 68 47 60 25 32 6 24 11 10 4 88 57 51 50 60 21 34 54 42 26 82 0 94 57 4499 9 97 77 81 53 64 1 95 0 62 54 65 3 3 31 65 29 90 43 39 36 32 9 42 98 46 8 13 32 21 83 89 48 30 34 25 2 20 78 42 87 18 21 60 59 54 84 84 27 26 81 69 1 27 37 0 9 11 69 23 44 22 4 28 93 13 38 18 
85 72 94 48 57 47 100 100 50 47 75 93 18 1 72 38 36 56 45 15 40 83 38 75 7 81 20 93 32 75 38 9 5075 8 15 65 57 79 100 72 13 46 3 83 31 8 69 57 2 15 84 9 12 24 96 25 83 2 89 83 84 11 74 5 58 1 72 50 80 75 66 58 86 92 0 68 57 43 65 48 46 16 32 39 58 47 86 22 61 30 72 17 95 40 19 67 71 79 5 88 
32 49 15 40 35 72 77 17 82 7 83 17 63 98 81 16 60 67 99 45 43 44 64 43 51 5 39 15 90 29 53 97 8 5119 89 2 17 72 71 51 75 64 34 69 56 94 24 84 81 18 10 41 28 50 25 15 69 42 91 100 13 55 63 67 43 17 73 12 88 71 2 38 82 44 24 57 81 39 13 60 6 32 85 64 76 8 75 24 92 3 15 19 83 84 92 85 59 1 30 27 
3 47 40 89 81 45 23 68 64 95 40 24 36 46 90 51 2 86 87 82 89 53 1 67 14 0 76 8 44 35 87 77 15 89 5547 56 87 6 78 35 12 12 99 5 33 33 54 23 19 84 57 83 37 17 61 25 33 89 87 21 99 91 70 61 29 8 13 57 36 100 87 10 74 26 68 77 90 5 18 30 70 72 98 74 69 63 55 44 48 100 30 42 21 63 76 85 70 0 53 81 
40 67 99 94 33 51 41 83 59 32 57 67 21 61 97 100 98 61 68 74 86 36 48 71 79 0 83 38 75 89 42 81 65 2 56 4666 1 40 44 20 46 21 32 45 99 87 74 86 99 21 53 57 26 38 75 0 38 72 32 52 23 32 84 35 50 69 65 37 73 32 52 22 38 10 79 5 82 90 92 87 13 32 2 11 62 60 70 24 39 22 81 85 78 49 14 3 16 92 35 85 
27 5 74 75 52 7 48 52 0 64 60 78 66 54 6 53 42 35 33 73 72 2 68 78 68 50 18 99 75 7 67 53 57 17 87 1 5101 94 97 50 32 13 67 48 72 97 37 27 63 28 60 18 59 97 84 65 53 94 75 60 19 96 24 24 96 4 36 96 75 95 25 85 98 14 35 16 26 8 26 75 49 75 20 15 77 94 65 99 51 4 16 71 13 60 71 50 46 76 93 100 
78 86 26 91 84 69 35 22 67 27 22 63 19 80 8 2 67 44 97 88 76 10 6 31 91 85 78 37 7 91 50 64 79 72 6 40 94 4824 20 86 16 34 20 36 37 88 99 33 68 17 36 33 90 27 75 71 33 90 88 70 17 48 71 44 89 7 88 24 87 34 76 22 57 56 43 33 9 72 11 7 93 80 39 58 60 41 20 8 23 0 59 81 90 57 66 5 20 85 6 15 
93 86 8 42 3 31 96 5 29 20 59 27 65 47 96 0 22 19 15 20 74 97 51 86 9 3 15 52 3 2 83 1 100 71 78 44 97 20 4677 14 22 50 30 87 68 65 67 4 92 3 86 83 17 89 0 45 75 3 21 64 8 44 66 3 95 95 75 87 79 31 2 9 84 68 3 84 7 42 76 21 77 59 4 7 80 14 44 56 90 67 40 66 55 62 46 89 46 22 30 36 
33 51 23 5 3 86 4 42 89 74 66 42 10 22 44 8 0 19 26 59 69 4 68 77 32 96 32 74 69 16 63 95 72 51 35 20 50 86 14 5188 82 41 25 87 46 50 33 63 21 62 13 92 2 95 77 17 96 17 83 19 38 90 74 84 0 51 2 43 45 6 67 51 56 34 23 58 47 97 14 21 96 95 85 57 96 2 81 99 88 95 52 79 34 45 70 10 94 6 69 12 
59 53 20 98 86 30 4 98 40 73 66 90 63 24 100 78 84 48 63 15 34 29 41 3 33 85 5 74 41 60 12 0 13 75 12 46 32 16 22 82 5460 30 57 68 74 43 35 93 53 12 53 72 51 72 21 9 5 71 86 80 13 78 90 74 81 88 99 62 18 68 35 99 61 3 20 67 22 32 31 89 19 6 66 91 71 61 6 91 86 18 86 90 58 2 90 70 7 97 90 12 
41 88 46 12 75 58 37 3 8 56 11 41 18 43 78 46 83 56 22 17 1 63 81 74 45 29 65 77 70 76 18 62 46 64 12 21 13 34 50 41 30 4511 98 18 36 15 9 87 99 57 0 11 73 26 78 77 45 32 12 69 8 61 66 21 57 12 57 40 67 9 6 69 34 40 13 16 70 38 57 75 49 72 68 44 21 25 21 62 43 38 52 14 3 15 15 6 23 68 58 95 
10 83 92 69 62 28 63 0 36 45 15 13 59 30 79 9 24 87 25 18 86 25 25 42 20 61 90 91 76 81 38 54 3 34 99 32 67 20 30 25 57 98 5037 0 99 93 42 92 33 24 0 25 0 14 56 50 18 43 91 98 3 76 93 85 72 84 96 44 99 59 19 18 89 36 14 77 90 11 22 83 76 23 60 96 7 46 51 80 8 78 66 11 57 78 24 88 9 27 40 74 
44 2 88 26 66 93 60 100 28 73 96 3 13 98 28 30 52 25 90 73 57 40 18 2 51 68 59 43 94 14 46 65 83 69 5 45 48 36 87 87 68 18 0 4802 81 3 74 55 10 7 50 70 75 34 47 20 36 33 69 14 53 49 55 74 6 95 87 88 31 20 35 58 100 55 69 99 29 46 83 64 4 17 58 54 72 23 19 64 51 98 96 88 82 34 11 31 52 28 88 3 
10 6 1 93 76 94 84 71 5 100 1 75 14 80 79 72 3 73 69 41 8 46 84 100 46 77 63 18 64 35 59 3 31 56 33 99 72 37 68 46 74 36 99 81 4470 30 19 21 11 88 98 45 57 53 17 56 22 81 44 57 86 95 85 28 70 77 33 59 62 67 65 63 20 41 10 6 65 76 49 11 14 4 27 15 30 2 55 42 65 66 24 54 69 82 26 79 68 38 21 47 
85 62 38 44 11 36 88 47 14 29 83 82 15 73 45 1 20 71 58 26 78 34 18 69 47 28 81 26 51 52 95 3 8 94 33 87 97 88 65 50 43 15 93 3 30 5050 40 29 63 92 27 22 75 64 27 18 43 24 91 18 21 78 45 38 100 39 70 8 1 51 20 68 12 75 49 13 45 12 65 87 99 95 78 47 25 6 26 97 92 39 90 88 12 36 26 14 18 44 43 93 
81 22 28 48 53 60 4 41 75 38 84 44 34 18 80 26 94 68 58 90 5 41 67 65 79 35 17 98 79 88 69 31 69 24 54 74 37 99 67 33 35 9 42 74 19 40 4926 24 51 10 45 15 37 27 71 90 17 59 8 52 58 43 25 66 87 42 16 28 84 46 72 5 34 75 18 3 84 99 88 34 90 7 25 49 29 78 100 29 17 78 28 82 21 89 92 48 2 100 100 12 
92 6 27 11 40 55 41 14 71 23 72 85 77 14 50 20 67 81 88 66 43 62 60 90 47 48 31 20 68 83 53 65 57 84 23 86 27 33 4 63 93 87 92 55 21 29 24 4986 80 75 37 92 48 9 13 85 89 8 87 50 88 92 70 3 77 80 81 31 19 74 91 69 50 10 54 84 1 60 9 3 71 17 66 61 14 81 69 53 73 51 89 2 5 24 39 2 36 84 98 75 
3 52 60 32 19 87 94 86 53 13 10 38 39 9 16 53 22 37 18 34 87 97 24 8 91 60 67 87 30 46 24 29 2 81 19 99 63 68 92 21 53 99 33 10 11 63 51 80 5401 59 92 33 40 80 77 33 34 72 80 58 44 24 84 65 30 31 21 78 54 72 38 87 46 78 78 79 86 83 91 38 27 86 22 68 55 83 65 26 88 47 47 91 92 87 57 33 47 7 100 62 
3 58 53 12 27 50 52 73 61 96 48 25 54 65 24 58 68 19 55 78 63 27 71 13 70 68 35 57 28 72 93 90 15 18 84 21 28 17 3 62 12 57 24 7 88 92 10 75 59 5149 90 0 100 25 55 36 30 77 84 34 79 92 61 20 66 73 94 18 71 89 15 83 79 59 81 3 60 3 68 1 76 40 56 69 53 50 8 51 28 91 0 30 54 83 70 14 23 8 78 45 
98 31 18 5 43 87 15 14 86 61 45 92 37 13 4 22 27 70 62 66 8 0 100 60 95 40 22 43 86 94 30 43 84 10 57 53 60 36 86 13 53 0 0 50 98 27 45 37 92 90 4979 15 32 80 72 85 12 26 20 63 58 61 32 98 91 56 62 72 82 76 89 97 96 37 20 65 79 24 33 28 45 39 36 6 37 1 18 32 50 24 73 19 24 98 17 42 71 41 60 69 
54 41 2 86 62 60 62 45 63 74 47 70 3 99 11 41 81 51 56 43 1 10 73 70 35 94 66 84 12 82 44 39 9 41 83 57 18 33 83 92 72 11 25 70 45 22 15 92 33 0 15 4734 90 86 2 78 29 32 45 16 11 83 37 28 15 68 46 88 44 47 53 4 88 41 83 70 29 2 40 46 89 40 2 37 40 12 19 65 95 10 19 48 35 88 77 42 4 53 37 64 
13 77 92 87 26 37 93 46 86 17 23 28 0 61 12 92 92 2 84 71 100 97 98 17 75 28 19 54 56 10 18 36 12 28 37 26 59 90 17 2 51 73 0 75 57 75 37 48 40 100 32 90 5239 84 84 78 69 26 21 93 27 59 46 88 73 87 18 29 76 41 13 29 11 54 87 77 2 76 95 36 84 23 0 92 19 65 78 17 80 69 16 50 63 6 69 39 97 80 35 84 
58 13 38 24 13 95 18 31 49 78 61 74 95 58 13 30 38 95 75 96 26 94 99 96 45 82 92 23 80 58 5 32 24 50 17 38 97 27 89 95 72 26 14 34 53 64 27 9 80 25 80 86 84 5233 30 73 13 88 14 51 54 77 29 55 26 36 39 59 84 31 36 28 53 22 11 56 89 97 21 59 23 24 76 79 72 20 56 86 68 9 71 99 17 0 26 4 31 95 9 42 
72 72 23 19 24 50 6 93 76 2 19 54 39 34 81 75 33 74 60 3 5 88 79 84 74 92 63 92 42 34 89 9 96 25 61 75 84 75 0 77 21 78 56 47 17 27 71 13 77 55 72 2 84 30 4890 17 14 65 35 62 18 84 76 53 55 8 80 22 77 99 47 15 32 59 0 35 64 13 99 15 33 61 2 38 59 12 12 59 71 86 81 30 37 92 1 80 48 59 26 29 
47 94 61 51 60 36 17 97 95 100 76 81 49 49 24 77 58 31 21 83 20 69 20 66 34 92 66 39 6 19 79 42 25 15 25 0 65 71 45 17 9 77 50 20 56 18 90 85 33 36 85 78 78 73 17 5206 64 43 18 2 38 74 75 17 64 81 72 69 40 0 94 65 82 45 70 25 3 76 29 29 33 10 71 29 74 47 92 51 90 82 68 25 22 21 18 38 90 70 10 74 
34 17 55 90 45 41 25 90 79 47 11 35 7 8 32 99 79 91 68 99 23 22 9 41 1 32 20 5 13 34 1 98 83 69 33 38 53 33 75 96 5 45 18 36 22 43 17 89 34 30 12 29 69 13 14 64 5002 95 49 61 12 37 45 64 49 95 13 86 40 94 71 32 10 77 11 73 46 30 69 10 14 81 98 46 88 5 60 79 46 9 6 87 61 26 61 20 83 76 68 62 
7 24 42 55 0 100 35 0 88 72 4 29 32 5 58 87 8 33 9 81 12 34 51 8 91 99 6 50 26 99 25 46 2 42 89 72 94 90 3 17 71 32 43 33 81 24 59 8 72 77 26 32 26 88 65 43 95 5230 91 36 14 97 42 84 8 78 19 64 65 56 30 21 67 58 5 39 26 59 29 77 73 80 78 88 91 57 49 45 22 1 85 52 68 47 63 66 57 39 65 99 
5 81 76 3 77 12 74 95 56 26 13 18 91 36 29 94 63 45 54 49 89 64 61 69 57 89 32 61 3 17 71 8 89 91 87 32 75 88 21 83 86 12 91 69 44 91 8 87 80 84 20 45 21 14 35 18 49 91 5068 68 66 78 79 15 70 42 99 29 57 70 0 31 57 84 34 8 50 49 100 23 28 36 0 66 52 44 90 87 50 32 80 65 100 47 36 78 85 90 45 8 
8 89 41 15 95 44 90 64 24 10 10 68 49 92 35 46 28 73 71 36 65 27 77 42 52 48 43 44 66 41 7 13 83 100 21 52 60 70 64 19 80 69 98 14 57 18 52 50 58 34 63 16 93 51 62 2 61 36 68 5226 83 64 82 62 57 74 50 20 59 23 71 74 30 93 65 28 90 33 73 49 82 95 22 52 73 89 71 46 97 17 76 92 67 54 5 24 12 86 25 97 
74 45 57 16 13 86 1 58 67 67 3 46 16 25 34 15 95 1 67 40 27 68 73 90 89 1 7 89 58 0 20 32 84 13 99 23 19 17 8 38 13 8 3 53 86 21 58 88 44 79 58 11 27 54 18 38 12 14 66 83 4946 80 8 95 52 83 78 20 94 50 2 46 64 68 45 75 52 51 31 37 37 31 2 35 23 88 98 16 14 54 62 89 54 73 52 71 71 96 46 8 
96 88 4 21 43 4 12 0 66 32 31 34 85 71 64 55 28 96 10 32 98 95 72 53 54 14 30 34 29 11 95 21 11 55 91 32 96 48 44 90 78 61 76 49 95 78 43 92 24 92 61 83 59 77 84 74 37 97 78 64 80 4684 54 66 12 6 34 91 98 30 80 25 23 60 10 11 17 11 66 91 65 6 48 86 46 80 24 37 73 12 37 60 30 1 87 18 59 38 12 82 
97 68 52 68 12 71 0 99 39 43 75 32 34 2 27 81 71 32 78 59 84 26 24 40 3 51 29 22 30 39 27 83 74 63 70 84 24 71 66 74 90 66 93 55 85 45 25 70 84 61 32 37 46 29 76 75 45 42 79 82 8 54 4952 90 98 49 40 9 39 26 5 89 33 48 76 20 56 31 67 3 83 45 26 55 86 85 30 31 6 70 3 86 67 35 23 11 84 55 1 52 
62 75 59 87 21 40 25 48 47 49 67 19 93 24 38 92 64 50 50 57 46 41 33 34 31 40 78 7 61 93 92 89 5 67 61 35 24 44 3 84 74 21 85 74 28 38 66 3 65 20 98 28 88 55 53 17 64 84 15 62 95 66 90 4947 78 0 37 56 60 55 64 68 10 92 39 0 59 0 72 50 19 75 57 83 72 24 7 39 9 29 47 82 13 76 17 14 26 89 5 57 
92 89 23 85 77 23 54 63 65 4 54 24 38 94 12 56 44 27 26 37 35 76 54 32 40 51 60 82 94 67 96 48 58 43 29 50 96 89 95 0 81 57 72 6 70 100 87 77 30 66 91 15 73 26 55 64 49 8 70 57 52 12 98 78 5440 46 85 56 69 4 11 96 57 10 48 92 93 22 92 67 53 8 92 90 62 64 59 13 47 41 22 59 60 7 97 0 42 39 61 53 
38 90 48 46 82 5 81 40 96 90 13 76 6 48 60 27 69 84 68 81 78 81 100 8 67 100 2 47 34 55 30 30 1 17 8 69 4 7 95 51 88 12 84 95 77 39 42 80 31 73 56 68 87 36 8 81 95 78 42 74 83 6 49 0 46 4404 8 47 30 31 39 59 7 63 13 94 95 9 63 9 39 58 97 28 95 96 90 88 38 90 7 46 60 77 93 17 82 45 73 59 
21 37 51 95 96 100 38 4 25 65 28 96 4 29 75 32 91 97 42 51 73 28 90 96 14 3 45 90 65 89 26 34 72 73 13 65 36 88 75 2 99 57 96 87 33 70 16 81 21 94 62 46 18 39 80 72 13 19 99 50 78 34 40 37 85 8 4570 5 42 86 90 46 29 77 52 91 22 72 16 5 27 50 34 17 15 1 54 15 96 36 15 36 90 86 21 62 19 48 19 32 
97 34 99 100 96 5 37 83 1 73 3 73 39 28 89 15 58 24 62 46 52 53 20 62 10 52 50 90 8 83 16 25 50 12 57 37 96 24 87 43 62 40 44 88 59 8 28 31 78 18 72 88 29 59 22 69 86 64 29 20 20 91 9 56 56 47 5 4841 74 34 60 78 86 17 20 7 27 11 20 21 100 70 3 70 44 58 12 70 42 31 14 95 77 50 66 79 40 84 62 79 
81 16 66 66 24 93 54 43 3 81 69 73 70 0 75 38 69 48 70 41 82 68 73 14 8 27 93 87 49 40 68 2 80 88 36 73 75 87 79 45 18 67 99 31 62 1 84 19 54 71 82 44 76 84 77 40 40 65 57 59 94 98 39 60 69 30 42 74 4208 20 90 98 82 41 3 34 48 25 11 5 5 78 3 97 78 15 74 9 52 69 50 46 57 0 25 60 54 53 91 46 
43 92 54 4 90 45 53 84 3 61 79 3 76 29 58 81 30 71 11 19 99 72 57 50 14 28 3 47 47 72 65 20 75 71 100 32 95 34 31 6 68 9 59 20 67 51 46 74 72 89 76 47 41 31 99 0 94 56 70 23 50 30 26 55 4 31 86 34 20 5330 89 24 55 88 39 11 93 44 53 74 68 51 41 47 76 16 23 56 87 87 8 55 99 34 28 55 70 42 0 64 
27 39 93 14 56 63 75 70 37 19 90 31 60 78 16 9 46 45 27 54 30 65 44 60 2 83 94 15 78 93 31 78 66 2 87 52 25 76 2 67 35 6 19 35 65 20 72 91 38 15 89 53 13 36 47 94 71 30 0 71 2 80 5 64 11 39 90 60 90 89 5093 22 36 86 64 38 67 68 90 44 51 45 7 35 9 55 53 52 72 25 24 75 88 21 100 92 45 2 53 11 
58 49 91 38 32 91 18 53 93 25 23 77 37 77 65 50 48 60 98 23 32 28 70 41 35 89 90 68 67 55 27 42 58 38 10 22 85 22 9 51 99 69 18 58 63 68 5 69 87 83 97 4 29 28 15 65 32 21 31 74 46 25 89 68 96 59 46 78 98 24 22 5197 8 98 55 38 24 16 92 90 82 74 65 67 85 45 88 66 18 89 68 30 59 100 23 37 91 61 63 32 
83 38 21 77 45 51 57 59 19 23 11 61 96 73 27 77 77 9 47 15 65 28 83 88 90 70 56 61 57 14 98 87 86 82 74 38 98 57 84 56 61 34 89 100 20 12 34 50 46 79 96 88 11 53 32 82 10 67 57 30 64 23 33 10 57 7 29 86 82 55 36 8 4822 1 49 74 43 60 69 60 18 4 85 48 71 44 31 7 42 98 86 34 83 27 85 23 34 25 7 32 
37 14 23 93 78 51 86 94 63 24 49 86 83 50 96 65 76 18 8 33 48 43 33 60 38 54 100 62 19 83 70 18 92 44 26 10 14 56 68 34 3 40 36 55 41 75 75 10 78 59 37 41 54 22 59 45 77 58 84 93 68 60 48 92 10 63 77 17 41 88 86 98 1 4964 8 18 59 28 21 64 78 67 92 66 3 92 27 60 22 58 74 56 26 9 50 67 68 35 70 87 
38 42 20 84 88 47 9 57 25 34 45 52 75 72 80 14 93 22 47 58 8 77 93 20 86 85 82 59 26 96 87 21 0 24 68 79 35 43 3 23 20 13 14 69 10 49 18 54 78 81 20 83 87 11 0 70 11 5 34 65 45 10 76 39 48 13 52 20 3 39 64 55 49 8 5256 20 51 50 70 59 22 61 62 4 40 52 83 28 24 89 90 93 74 89 50 96 81 70 53 12 
9 73 89 92 57 25 78 24 67 59 13 88 5 19 61 99 82 11 79 29 65 87 25 98 68 39 9 28 57 65 81 60 68 57 77 5 16 33 84 58 67 16 77 99 6 13 3 84 79 3 65 70 77 56 35 25 73 39 8 28 75 11 20 0 92 94 91 7 34 11 38 38 74 18 20 4508 66 4 30 50 61 9 14 53 78 27 96 37 6 12 54 67 99 13 91 19 96 13 86 81 
85 12 79 97 32 50 96 95 85 28 48 88 68 29 56 51 35 86 21 26 26 96 77 78 3 96 29 73 68 96 31 59 57 81 90 82 26 9 7 47 22 70 90 29 65 45 84 1 86 60 79 29 2 89 64 3 46 26 50 90 52 17 56 59 93 95 22 27 48 93 67 24 43 59 51 66 5249 48 46 57 85 56 17 64 34 4 9 3 71 61 88 67 90 78 80 74 100 40 18 34 
20 25 74 43 42 97 97 32 63 76 20 89 22 29 23 41 4 70 54 32 12 65 83 25 58 52 67 79 100 35 65 54 43 39 5 90 8 72 42 97 32 38 11 46 76 12 99 60 83 3 24 2 76 97 13 76 30 59 49 33 51 11 31 0 22 9 72 11 25 44 68 16 60 28 50 4 48 5363 62 60 49 77 23 93 10 62 96 19 80 42 0 60 64 97 66 83 82 58 75 92 
4 45 72 85 13 37 12 83 49 23 3 51 23 6 38 89 92 84 44 64 67 88 71 15 58 23 54 7 81 57 91 84 65 13 18 92 26 11 76 14 31 57 22 83 49 65 88 9 91 68 33 40 95 21 99 29 69 29 100 73 31 66 67 72 92 63 16 20 11 53 90 92 69 21 70 30 46 62 5300 6 31 36 63 43 64 5 66 92 81 91 46 88 68 7 88 32 94 73 96 58 
86 13 94 64 87 89 92 80 56 64 13 76 44 48 93 47 27 58 29 33 11 4 23 11 27 20 75 83 32 11 25 84 48 60 30 87 75 7 21 21 89 75 83 64 11 87 34 3 38 1 28 46 36 59 15 29 10 77 23 49 37 91 3 50 67 9 5 21 5 74 44 90 60 64 59 50 57 60 6 5436 18 56 20 4 13 49 98 62 5 62 85 80 47 95 100 28 13 73 76 18 
26 54 37 69 37 91 1 73 55 19 24 98 91 64 71 49 47 87 1 0 17 100 94 33 28 8 41 59 19 20 98 27 46 6 70 13 49 93 77 96 19 49 76 4 14 99 90 71 27 76 45 89 84 23 33 33 14 73 28 82 37 65 83 19 53 39 27 100 5 68 51 82 18 78 22 61 85 49 31 18 4561 35 29 10 68 41 84 23 64 21 62 21 26 91 59 29 4 22 13 66 
8 67 31 92 55 36 58 73 43 71 29 55 96 73 36 92 55 5 98 12 64 33 20 33 58 60 57 89 94 90 36 26 16 32 72 32 75 80 59 95 6 72 23 17 4 95 7 17 86 40 39 40 23 24 61 10 81 80 36 95 31 6 45 75 8 58 50 70 78 51 45 74 4 67 61 9 56 77 36 56 35 5148 67 69 48 0 59 33 94 33 42 89 41 4 73 42 89 2 52 11 
21 30 50 23 26 94 83 33 23 0 62 1 33 56 95 71 51 67 68 23 2 73 4 50 13 37 64 88 35 98 10 81 32 85 98 2 20 39 4 85 66 68 60 58 27 78 25 66 22 56 36 2 0 76 2 71 98 78 0 22 2 48 26 57 92 97 34 3 3 41 7 65 85 92 62 14 17 23 63 20 29 67 4830 40 51 29 59 28 54 62 15 19 91 66 59 74 40 65 36 16 
2 9 31 56 91 90 64 0 45 78 52 15 44 48 58 84 67 5 11 60 87 23 79 3 77 73 72 68 12 3 5 69 39 64 74 11 15 58 7 57 91 44 96 54 15 47 49 61 68 69 6 37 92 79 38 29 46 88 66 52 35 86 55 83 90 28 17 70 97 47 35 67 48 66 4 53 64 93 43 4 10 69 40 4886 22 9 97 8 47 23 82 100 4 67 31 32 93 38 88 98 
72 24 12 78 98 40 16 38 85 99 96 32 10 37 2 83 75 29 96 14 5 27 78 64 99 61 28 39 71 66 81 1 58 76 69 62 77 60 80 96 71 21 7 72 30 25 29 14 55 53 37 40 19 72 59 74 88 91 52 73 23 46 86 72 62 95 15 44 78 76 9 85 71 3 40 78 34 10 64 13 68 48 51 22 5192 5 45 12 14 81 58 11 41 74 5 71 45 30 16 12 
37 45 0 63 1 47 67 24 83 66 29 1 53 25 32 38 19 10 51 29 64 33 74 28 58 69 72 80 0 42 71 27 47 8 63 60 94 41 14 2 61 25 46 23 2 6 78 81 83 50 1 12 65 20 12 47 5 57 44 89 88 80 85 24 64 96 1 58 15 16 55 45 44 92 52 27 4 62 5 49 41 0 29 9 5 4659 40 60 61 67 27 86 49 93 17 16 25 31 52 90 
45 6 94 17 96 66 91 60 21 0 69 4 86 99 53 65 41 58 60 96 49 97 37 64 99 60 66 16 86 84 40 37 86 75 55 70 65 20 44 81 6 21 51 19 55 26 100 69 65 8 18 19 78 56 12 92 60 49 90 71 98 24 30 7 59 90 54 12 74 23 53 88 31 27 83 96 9 96 66 98 84 59 59 97 45 40 4979 27 98 55 5 80 14 45 57 67 81 17 7 38 
77 71 91 78 68 65 97 98 0 61 84 32 53 20 51 19 14 30 4 85 66 34 43 38 15 66 38 42 42 42 18 0 22 24 44 24 99 8 56 99 91 62 80 64 42 97 29 53 26 51 32 65 17 86 59 51 79 45 87 46 16 37 31 39 13 88 15 70 9 56 52 66 7 60 28 37 3 19 92 62 23 33 28 8 12 60 27 5251 74 97 4 13 77 22 27 81 45 49 93 53 
51 94 62 40 65 7 83 50 74 75 45 71 53 58 29 42 34 48 23 80 42 82 100 26 2 80 83 4 73 55 15 9 61 92 48 39 51 23 90 88 86 43 8 51 65 92 17 73 88 28 50 95 80 68 71 90 46 22 50 97 14 73 6 9 47 38 96 42 52 87 72 18 42 22 24 6 71 80 81 5 64 94 54 47 14 61 98 74 4747 15 10 42 2 75 47 94 80 5 45 93 
94 85 5 22 38 75 25 53 30 31 81 80 43 11 20 3 48 27 84 73 34 48 66 65 84 59 20 79 87 1 54 11 30 3 100 22 4 0 67 95 18 38 78 98 66 39 78 51 47 91 24 10 69 9 86 82 9 1 32 17 54 12 70 29 41 90 36 31 69 87 25 89 98 58 89 12 61 42 91 62 21 33 62 23 81 67 55 97 15 4949 10 29 29 94 46 69 76 18 81 66 
33 69 68 36 64 71 31 49 58 8 1 50 69 83 47 84 55 93 62 58 31 40 31 63 27 23 44 63 100 56 11 69 72 15 30 81 16 59 40 52 86 52 66 96 24 90 28 89 47 0 73 19 16 71 81 68 6 85 80 76 62 37 3 47 22 7 15 14 50 8 24 68 86 74 90 54 88 0 46 85 62 42 15 82 58 27 5 4 10 10 5294 1 78 52 63 25 76 62 64 42 
30 15 27 94 99 59 10 47 52 54 60 97 63 93 49 27 53 45 91 20 8 35 8 97 33 64 7 47 52 22 37 23 17 19 42 85 71 81 66 79 90 14 11 88 54 88 82 2 91 30 19 48 50 99 30 25 87 52 65 92 89 60 86 82 59 46 36 95 46 55 75 30 34 56 93 67 67 60 88 80 21 89 19 100 11 86 80 13 42 29 1 4931 88 54 73 60 71 33 57 38 
82 8 90 48 21 95 87 61 71 53 40 36 83 67 58 86 33 28 0 16 82 6 40 24 25 49 13 42 99 4 77 44 95 83 21 78 13 90 55 34 58 3 57 82 69 12 21 5 92 54 24 35 63 17 37 22 61 68 100 67 54 30 67 13 60 60 90 77 57 99 88 59 83 26 74 99 90 64 68 47 26 41 91 4 41 49 14 77 2 29 78 88 4790 96 88 0 63 30 18 48 
62 94 48 0 15 82 67 34 35 78 99 0 73 26 24 14 42 77 6 83 25 0 4 64 91 56 97 79 71 74 15 22 40 84 63 49 60 57 62 45 2 15 78 34 82 36 89 24 87 83 98 88 6 0 92 21 26 47 47 54 73 1 35 76 7 77 86 50 0 34 21 100 27 9 89 13 78 97 7 95 91 4 66 67 74 93 45 22 75 94 52 54 96 4989 35 65 88 47 43 74 
60 59 61 45 72 45 100 11 66 19 61 76 94 10 3 47 61 55 47 35 98 20 17 14 91 38 12 12 46 5 13 4 19 92 76 14 71 66 46 70 90 15 24 11 26 26 92 39 57 70 17 77 69 26 1 18 61 63 36 5 52 87 23 17 97 93 21 66 25 28 100 23 85 50 50 91 80 66 88 100 59 73 59 31 5 17 57 27 47 46 63 73 88 35 5327 20 42 60 44 84 
26 61 88 95 29 52 32 80 1 54 96 64 20 96 57 80 80 2 96 94 14 75 68 30 83 7 7 73 51 7 81 28 67 85 85 3 50 5 89 10 70 6 88 31 79 14 48 2 33 14 42 42 39 4 80 38 20 66 78 24 71 18 11 14 0 17 62 79 60 55 92 37 23 67 96 19 74 83 32 28 29 42 74 32 71 16 67 81 94 69 25 60 0 65 20 5612 45 70 60 96 
23 0 63 24 97 16 42 15 50 27 62 58 51 40 98 49 27 70 71 95 41 41 59 33 70 35 42 8 30 41 59 93 71 59 70 16 46 20 46 94 7 23 9 52 68 18 2 36 47 23 71 4 97 31 48 90 83 57 85 12 71 59 84 26 42 82 19 40 54 70 45 91 34 68 81 96 100 82 94 13 4 89 40 93 45 25 81 45 80 76 76 71 63 88 42 45 4486 69 3 50 
18 46 80 66 8 38 26 33 87 90 39 64 74 97 50 99 94 25 8 67 15 15 29 84 20 72 94 95 88 40 19 13 79 1 0 92 76 85 22 6 97 68 27 28 38 44 100 84 7 8 41 53 80 95 59 70 76 39 90 86 96 38 55 89 39 45 48 84 53 42 2 61 25 35 70 13 40 58 73 73 22 2 65 38 30 31 17 49 5 18 62 33 30 47 60 70 69 5296 34 20 
96 82 1 26 84 37 4 18 23 93 25 52 16 13 80 18 7 83 88 58 85 11 94 3 5 36 44 7 53 4 46 38 5 30 53 35 93 6 30 69 90 58 40 88 21 43 100 98 100 78 60 37 35 9 26 10 68 65 45 25 46 12 1 5 61 73 19 62 91 0 53 63 7 70 53 86 18 75 96 76 13 52 36 88 16 52 7 93 45 81 64 57 18 43 44 60 3 34 5130 29 
97 1 53 97 39 6 65 62 30 78 78 56 78 59 59 37 38 45 5 52 13 20 66 1 77 57 34 2 1 40 51 18 88 27 81 85 100 15 36 12 12 95 74 3 47 93 12 75 62 45 69 64 84 42 29 74 62 99 8 97 8 82 52 57 53 59 32 79 46 64 11 32 32 87 12 81 34 92 58 18 66 11 16 98 12 90 38 53 93 66 42 38 48 74 84 96 50 20 29 5156 


38 43 28 13 68 81 83 66 47 9 96 22 31 79 34 64 57 25 68 35 69 76 41 50 75 10 96 18 29 59 22 85 32 3 40 27 78 93 33 59 41 10 44 10 85 81 92 3 3 98 54 13 58 72 47 34 7 5 8 74 96 97 62 92 38 21 97 81 43 27 58 83 37 38 9 85 20 4 86 26 8 21 2 72 37 45 77 51 94 33 30 82 62 60 26 23 18 96 97 3 
